  1  -.19270E+00   .72904E+01   .29592E+01  -.38918E+01  
  1   .34535E+00   .32751E+00   .13514E+01   .36553E+01  
  1   .49228E+00   .58982E+00   .47514E+01  -.10436E+01  
  1  -.49206E+00  -.19763E+01   .24140E+01   .40225E+00  
  1   .77741E+00  -.35649E+01  -.91926E-01   .96474E+00  
  1   .10138E+01  -.20840E+01  -.27350E+01   .12370E+01  
  1   .19541E+01   .79668E-03  -.22005E+01  -.84704E+00  
  1   .16400E+01   .66298E+01  -.19617E+01  -.14718E+01  
  1   .19376E+01   .20968E+01  -.11969E+01   .83980E+00  
  1   .14609E+01  -.22258E+01   .16314E+01   .16568E+01  
  1  -.19962E+01  -.30087E+01  -.17684E+01  -.18581E+01  
  1   .46603E+00  -.55800E+01  -.16519E+01  -.76453E+00  
  1  -.11712E+01  -.13066E+01  -.11629E+01   .11695E+01  
  1  -.86725E+00  -.14982E+01  -.20899E+01   .49289E+00  
  1   .48695E+00  -.10276E+00   .14816E+01  -.65448E-01  
  1  -.11298E+01  -.30704E+00   .32982E+00  -.20091E+01  
  1  -.11371E+01   .36521E+01  -.76775E+00   .93927E+00  
  1   .13427E+00  -.29183E+00   .19447E+01  -.37498E+00  
  1   .36104E+00  -.48986E+01  -.19982E+01   .25182E+01  
  1  -.94194E+00   .17150E+01   .99461E-01   .16274E+01  
  1   .56919E+00   .55664E+00  -.23561E+01  -.96975E+00  
  1   .90043E+00   .49644E+01  -.18307E+01  -.36769E+01  
  1  -.11775E+01  -.35402E+00   .19336E+01  -.91578E+00  
  1   .76375E+00  -.25164E+01   .65508E+00   .35481E+00  
  1   .30032E+00  -.24756E+01   .49220E+01  -.22322E+01  
  1  -.31204E+00   .17713E+01  -.74297E+00  -.95234E+00  
  1  -.24272E+01  -.37244E+00   .49780E+00  -.24822E+01  
  1  -.83565E+00   .61301E+01   .26855E+01  -.12047E+01  
  1  -.13997E+01   .17029E+01   .26037E+00   .76956E+00  
  1  -.11962E+01   .38657E+01  -.59906E+00   .17901E+00  
  1  -.12117E+01  -.20632E+01   .16818E+01  -.45020E+00  
  1   .14976E+00  -.66206E+00  -.73694E+00   .65303E+00  
  1   .73205E+00   .46716E+01   .13410E+01   .18562E+01  
  1   .22525E+00  -.44313E+01  -.56313E+00  -.83658E+00  
  1  -.24630E+00   .41189E+01  -.16138E+01   .21223E+01  
  1  -.14844E+01  -.46456E+01  -.18651E+00  -.47017E+00  
  1   .15122E+01  -.87732E+00  -.27386E+00  -.69883E+00  
  1  -.14987E+01  -.35946E+01   .30771E+01  -.36034E+00  
  1   .39224E+00   .87106E+00  -.10413E+01   .24066E+00  
  1  -.11607E+01   .35423E+01  -.82575E-01   .19777E+01  
  1  -.42549E+00   .38325E+01  -.23697E+01   .21393E+01  
  1   .23705E+00   .17836E+01   .16240E+01  -.58193E+00  
  1   .84151E-01   .11977E+01   .31092E+01  -.27545E+01  
  1   .12222E+01   .27300E+01  -.41442E+01  -.49391E+00  
  1   .80375E+00   .15953E+00   .47715E+00  -.10432E+01  
  1   .11046E+01   .79376E-01  -.12639E+00  -.10389E+00  
  1  -.95291E-02  -.54210E+01   .36199E+00  -.13710E+01  
  1   .16524E+00  -.27779E+01   .74098E+00  -.34125E+00  
  1   .28646E+00  -.20193E+01   .23131E+00   .39394E+00  
  1  -.42829E+00   .56469E+01   .14845E+01  -.16628E+01  
  1  -.10326E+01  -.52661E+01   .18511E+00  -.22860E+01  
  1   .12866E+00  -.98015E+00   .22591E+01  -.92671E-01  
  1  -.82527E+00  -.19920E+01   .36905E+01   .41181E-01  
  1  -.36450E+00   .96781E+00   .26632E+01  -.40914E-01  
  1   .80486E+00  -.41116E+01   .20986E+01   .44298E+00  
  1   .53819E+00   .85037E-01   .39044E+00  -.33008E+01  
  1  -.36544E+00  -.39040E+01   .10157E+01   .15505E+01  
  1   .52773E+00   .20801E+01   .16249E+01  -.76272E+00  
  1  -.70257E+00   .47203E+01  -.43802E+01  -.90514E+00  
  1   .37938E+00  -.30337E+00   .95554E-01  -.17599E+01  
  1   .47293E+00  -.12437E+01   .33163E+01   .12600E+01  
  1  -.21553E+01  -.15339E+01   .19178E+01  -.29209E+01  
  1  -.55844E-01  -.17775E+01  -.32437E+01  -.37318E+01  
  1   .60944E+00  -.54321E+01   .37328E+01   .50581E+00  
  1   .46669E+00  -.31668E+01  -.52756E+00   .61842E+00  
  1   .15511E+01   .26672E+01  -.16203E+01   .38279E+00  
  1   .62135E+00  -.56077E+00  -.24256E+00   .12069E+01  
  1  -.10034E+01  -.31640E+01   .43764E+00   .44021E+00  
  1  -.48339E+00  -.14905E+01   .24930E+01  -.25327E+01  
  1   .53407E-01  -.15004E+01   .86913E+00   .48688E+00  
  1  -.10690E+01  -.79822E+00  -.10289E+00   .47194E+00  
  1  -.83610E+00   .15875E+01  -.76210E+00  -.15170E+01  
  1   .12013E+01  -.16203E+01  -.72535E+00   .13435E+01  
  1  -.15029E+00  -.22898E+01   .38261E+01  -.33618E+01  
  1  -.18175E+00   .15105E+01   .51366E+00   .27301E+01  
  1  -.70241E+00   .38035E+01  -.22440E+01   .10269E+01  
  1  -.12769E+01  -.77413E+00  -.11754E+01   .29438E+01  
  1   .11872E+01   .47542E+01  -.25004E+01  -.68617E-01  
  1  -.65000E+00   .64081E+00  -.45319E+00  -.72303E+00  
  1  -.67149E+00  -.35737E+01  -.22389E+00  -.15484E+01  
  1   .49139E+00   .55559E+00  -.14126E+01  -.33502E+00  
  1  -.18176E+01  -.23028E+01  -.30353E+01   .21121E+01  
  1   .54795E+00  -.99818E+00  -.37067E+01  -.42058E-01  
  1   .91711E-01   .44959E+00   .40898E+01   .16713E+01  
  1  -.42602E+00  -.84859E+00  -.32649E+01   .62775E+00  
  1   .11808E+01  -.42112E+01  -.87720E+00  -.15357E+01  
  1   .47103E+00   .14457E+01   .47428E+00  -.97256E+00  
  1  -.21357E+00  -.34100E+00   .26859E+01  -.61689E+00  
  1  -.35834E+00   .31482E+01   .31618E+00  -.69782E-01  
  1   .65090E-01   .11556E+01  -.23018E+01   .90684E+00  
  1  -.10298E+01   .31243E+01   .87178E+00   .16037E+01  
  1  -.83490E+00  -.10367E+01   .12858E+00   .66576E+00  
  1  -.25333E+01   .37937E+01   .46261E+01   .20278E+01  
  1  -.87178E+00   .13433E+01   .40124E+01   .17796E+01  
  1  -.54614E+00   .55915E+00  -.76578E+00   .46271E+00  
  1  -.51756E+00  -.39525E+00  -.21592E+01   .81319E+00  
  1  -.60126E+00  -.29791E+01   .56475E+00  -.11085E+01  
  1  -.27939E+00  -.32165E+00  -.16915E+01   .76560E+00  
  1   .19826E+01  -.18389E+01  -.14434E+01   .15630E+01  
  1   .22501E+01   .17783E+01   .30146E+01   .20707E+01  
  1   .83729E+00  -.23655E+01   .12778E+01  -.28257E+01  
  1   .10498E+00   .31298E+01  -.36625E+01  -.95557E+00  
  1  -.10933E+01   .73059E+00  -.55459E-01  -.16776E+01  
  1   .17082E+00  -.25830E+01   .78777E+00   .69594E+00  
  1   .16648E+00   .65959E+01  -.47870E+00  -.21642E+00  
  1   .59911E+00   .49893E+00  -.10970E+01  -.26953E+00  
  1  -.96947E+00  -.24604E+01   .23666E+01  -.45809E+01  
  1   .11561E+00  -.55224E+01  -.79927E+00  -.18489E+01  
  1  -.37187E+00   .13326E+01  -.19583E+01  -.93925E-01  
  1  -.19326E+01   .85091E+00  -.29117E+01   .12223E+01  
  1   .10464E+01   .34565E+01   .25977E+00  -.45645E+00  
  1   .11076E+01  -.33964E+01   .12292E+01  -.80651E+00  
  1   .26210E+01  -.32755E+00  -.22835E+01  -.14394E+01  
  1   .92648E+00  -.19023E+01  -.83411E+00   .93047E+00  
  1  -.13757E+01  -.20239E+00  -.46910E+01  -.38716E+00  
  1  -.21265E+00  -.98313E+00  -.47094E+01   .10435E+01  
  1  -.50931E+00  -.53640E+01   .27997E+01   .57091E+00  
  1   .13612E+01  -.34914E+01   .23005E+00  -.51329E+00  
  1  -.18821E+00  -.26366E+01  -.38886E+00   .98746E-01  
  1   .53285E-01  -.43926E+01  -.20127E+01   .17040E+01  
  1  -.18510E+01  -.79062E+01  -.19113E+00  -.16848E+01  
  1   .36199E+00   .11607E+01   .18022E+01   .13270E+01  
  1  -.31488E+00   .18925E+01  -.13798E+01   .36781E+00  
  1   .80664E+00   .20465E+01  -.91828E+00   .42834E+00  
  1  -.56642E-01   .58095E+01  -.30648E+01   .17027E+01  
  1   .17285E+01  -.18175E+01  -.22054E+01   .15542E+00  
  1   .17149E+01   .43267E+00   .23851E+01  -.90678E+00  
  1  -.47692E+00  -.32274E+01   .85422E+00  -.25905E+01  
  1  -.21646E+00  -.20629E+00  -.21404E+01  -.69464E+00  
  1  -.25994E+00   .17146E+00  -.67141E-01  -.15623E+01  
  1  -.80829E+00  -.37731E+01   .28259E+01   .74409E+00  
  1  -.52025E+00   .58878E+00  -.33477E+01  -.65055E+00  
  1   .25601E+00  -.83178E+00   .67497E+00  -.26777E+01  
  1  -.38546E+00  -.69490E+00   .99321E+00   .13652E+01  
  1   .10418E+01  -.40412E+00  -.23035E+01   .20274E+01  
  1   .11005E+01   .26497E+01   .84114E+00   .20413E+00  
  1   .21034E+00   .30694E+01   .13585E+01  -.73214E+00  
  1   .18881E+01   .84770E+00   .48483E+01   .14392E+00  
  1   .10934E+01   .13621E+01   .42706E+01   .56241E+00  
  1  -.10100E+01  -.18274E+01  -.59869E+00  -.29596E-01  
  1   .29005E-01   .34533E+01   .19464E+01  -.17498E+01  
  1   .11281E+01   .96044E-01   .48744E+00  -.68965E+00  
  1  -.16000E+00   .11211E+01  -.11814E+01   .11611E+00  
  1   .12057E+01  -.22358E+01  -.18208E+01   .17744E+01  
  1  -.69725E+00   .60996E+01  -.45281E-01  -.22911E+01  
  1   .15566E+00   .15727E+01  -.46270E-01   .51454E+00  
  1   .16558E+00  -.46133E+01   .11342E+01   .21531E+01  
  1  -.27250E+00  -.17564E+01   .23595E+01  -.69566E+00  
  1   .11006E+00  -.25784E+01   .23645E+00   .61121E+00  
  1  -.25248E+01   .17738E+01   .59101E+00   .15219E+00  
  2   .30751E+01   .31857E+01   .35719E+01   .70659E+00  
  2   .22942E+01   .99752E+00   .18297E+01   .30398E+01  
  2   .24228E+01   .60568E+01   .39269E+01   .12282E+01  
  2   .21338E+01   .48285E+00  -.97770E+00   .10870E+01  
  2   .28813E+01   .87939E+00   .18810E+01  -.71326E+00  
  2   .32296E+01  -.17098E+01   .30599E+01   .19077E+01  
  2   .10930E+01   .43733E+01   .15031E+01   .27294E+01  
  2   .43638E+01   .30460E+01   .33074E+01   .40296E+01  
  2   .20847E+01   .77721E+00   .41312E+01   .37253E+01  
  2   .96334E+00   .72751E+01   .22578E+01   .39747E+00  
  2   .15217E+01   .95436E+00  -.42423E+00  -.22643E+00  
  2   .13100E+01   .10507E+02   .95873E+00   .45270E+01  
  2   .12357E+01  -.15641E+01   .29577E+01   .18023E+01  
  2  -.54607E-01   .10671E+02   .38172E+01   .13749E+01  
  2   .20438E+01   .80621E+00   .13182E+01   .16921E+01  
  2   .16803E+01   .29880E+01   .28958E+01   .21573E+01  
  2   .39283E+01   .44572E+01   .21508E+01   .27852E+01  
  2   .17535E+01   .29445E+01  -.31737E+00   .89157E+00  
  2   .23649E+01  -.12099E+01   .89511E+00   .29511E+01  
  2   .13816E+01   .24860E+01   .12784E+01   .37861E+01  
  2   .17316E+01   .50999E+01   .35012E+01   .39198E+01  
  2   .20344E+01   .32887E+01   .44224E+01   .58508E+01  
  2   .20588E+01  -.13390E+01   .60138E+01   .35664E+01  
  2   .27591E+01   .57560E+01   .34724E+01   .36377E+00  
  2   .50612E+00   .84887E+01   .95632E-02   .11151E+00  
  2   .20004E+01  -.12399E+01   .39595E+01   .19302E+01  
  2   .10537E+01   .32560E+01   .40780E+01   .14167E+01  
  2   .15812E+01   .38120E-01   .96617E+00   .28388E+01  
  2   .14234E+01   .24689E+01   .23789E+01   .20503E+01  
  2   .29949E+01   .59601E+01   .42139E+01   .37207E+01  
  2   .15217E+01   .30670E+01   .49529E+01   .37714E+01  
  2   .28540E+01   .20280E+01   .56948E+01   .24367E+01  
  2   .29472E+01   .32047E+01   .10122E+00   .26049E+01  
  2   .27678E+01  -.17657E+01   .29125E+00   .16717E+00  
  2   .78970E+00  -.22646E+01   .15762E+01   .23193E+01  
  2   .22704E+01   .79411E+00   .47799E+00   .28948E+01  
  2   .15106E+01   .15572E+01   .25245E+01   .55986E+00  
  2   .35752E+01   .40923E+01   .20616E+01   .32510E+01  
  2   .41495E+01   .27189E+00  -.15410E+00   .23717E+01  
  2   .15984E+01   .15578E+00   .14497E+01   .79785E+00  
  2   .13783E+01   .68331E+00   .76342E+00   .15345E+01  
  2   .16706E+01   .18951E+01   .30902E+01   .53994E+00  
  2   .35335E+01   .44740E+01  -.95420E+00   .93010E+00  
  2   .20448E+01   .20174E+01   .28736E+01   .17079E+01  
  2   .13866E+01   .78208E+00   .54713E+00   .25209E+00  
  2   .17128E+01   .40847E+01   .16928E+01   .21255E+01  
  2   .19358E+01  -.42366E+00   .11822E+01  -.28919E+00  
  2   .62583E+00   .72117E+00   .37416E+01   .55186E+01  
  2   .10556E+01  -.40250E+01   .33415E+01   .13536E+01  
  2   .16134E+01  -.25040E+01  -.12400E+01   .20637E+01  
  2   .11699E+01   .33666E+01   .26093E+01   .34394E+01  
  2   .12932E+01  -.16238E+01   .22878E+01   .22057E+01  
  2   .11843E+01   .43281E+01  -.33667E+00   .30293E+01  
  2   .11552E+01   .37662E+01   .32723E+01   .12051E+01  
  2   .19499E+00  -.17170E+01   .98620E-01  -.44736E+00  
  2   .46874E+01  -.10302E+01   .14439E+01   .22557E+01  
  2   .28744E+01   .58880E+00   .33602E+01  -.58351E+00  
  2   .28908E+01   .33413E+01   .63445E+00   .10478E+01  
  2   .10767E+01   .35330E+01  -.39124E+01   .47460E+01  
  2   .21223E+01   .98915E+00   .50457E+01   .31918E+01  
  2   .33695E+01  -.30665E+01   .45389E+01   .43781E+00  
  2   .31177E+01   .14886E+01   .46343E+00   .62807E+00  
  2   .29064E+01   .28751E+01   .16194E+01   .46864E+01  
  2   .91379E+00   .58129E+01  -.95768E-02   .36484E+01  
  2   .13112E+01   .66465E+00  -.29768E+01   .95192E+00  
  2   .16857E+01   .28843E+01   .62004E+00   .31025E+01  
  2   .20802E+01   .48508E+01   .39088E+01   .12327E+01  
  2   .24939E+01   .57939E+01   .19192E+01   .18103E+01  
  2   .24478E+00  -.11494E+01   .37231E+01   .21060E+01  
  2   .93702E+00   .17173E+01   .94583E+00   .24817E+00  
  2   .32215E+01  -.27897E+00   .31089E+01   .26305E+01  
  2   .23540E+01   .25413E+00   .13536E+01   .19567E+01  
  2   .36824E+01   .36405E+01   .41064E+01  -.15796E+01  
  2   .12777E+01   .20935E+01   .42592E+01   .53178E+01  
  2   .41534E+01   .63919E+01  -.19123E+01   .38387E+01  
  2   .91968E+00   .13548E+01   .42822E+01   .44876E+01  
  2   .28274E+00   .92987E+01   .34041E+01   .52160E+01  
  2   .18887E+01  -.42902E+00  -.28042E+01   .10626E+01  
  2   .22914E+01   .29044E+01   .55271E-01   .27458E+01  
  2   .27209E+01   .80752E+01   .80955E+01   .64589E+00  
  2   .10339E+01   .91884E+00   .11539E+01   .58666E-01  
  2  -.39531E+00   .26211E+01  -.94113E+00   .23490E+01  
  2   .23667E+01  -.47070E+00   .38221E+01   .38779E+01  
  2   .27246E+01  -.28766E+01   .28721E+01   .63092E+00  
  2   .44422E+01   .37477E+01   .49238E+01   .16216E+01  
  2   .18486E+01  -.49987E+00  -.75816E+00   .11573E+01  
  2   .24534E+01   .10168E+01   .21978E+01   .20654E+01  
  2   .22090E+01   .11291E+01   .35870E+01   .17170E+01  
  2   .15055E+01   .57042E+01   .34429E+01   .35625E+01  
  2   .29845E+01   .55151E+01   .28478E+01   .36608E+01  
  2   .51941E+00   .17972E+01   .26965E+01   .13418E+01  
  2   .26198E+01   .39941E+01   .16445E+01   .26142E+01  
  2   .26815E+01  -.32764E+01   .25339E+01   .25708E+01  
  2   .39397E+00   .17598E+01  -.10253E+00   .56606E+00  
  2   .38186E+01   .70967E+01   .35898E+01   .18094E+01  
  2   .21706E+01   .35341E+01   .41885E+01   .19976E+01  
  2   .16385E+01  -.24439E-01   .46283E+00   .37616E+01  
  2   .24413E+01  -.32090E+01  -.90932E+00   .25176E+01  
  2   .32728E+01   .16342E+01   .16508E+01   .38234E+01  
  2   .23158E+01  -.43851E+00   .96718E+00   .44518E+01  
  2   .23035E+01   .39668E+01   .36972E+01   .33584E+01  
  2   .16598E+01  -.73172E+00   .24121E+01   .30325E+01  
  2   .27849E+01   .34175E+01  -.52759E+00   .34305E+01  
  2   .26790E+01   .83210E+00   .16787E+01   .20410E+01  
  2   .26792E+01   .17933E+01   .27617E+01   .10356E+01  
  2   .22868E+01   .55336E+01  -.52378E+00   .85424E+00  
  2   .29285E+01   .66410E+01   .16280E+01   .23740E+00  
  2   .84555E+00   .64147E+01   .14057E+01   .13105E+01  
  2   .22341E+01   .73105E-01   .38409E+01   .27064E+01  
  2   .24907E+01  -.59317E+00   .83027E+00   .27718E+01  
  2   .29653E+01  -.11975E+01   .35506E+01   .17214E+01  
  2   .10257E+01   .10213E+01   .31783E+01   .23339E+01  
  2   .47807E+00   .54327E+01   .50523E+00   .22791E+01  
  2   .25383E+01   .25363E+01   .26014E+01   .39788E+01  
  2   .23324E+01   .72766E+01   .63776E+00   .27719E+01  
  2   .14948E+01   .13320E+01   .15869E+00  -.10876E+00  
  2   .25706E+01   .43143E+01   .52586E+01   .17940E+01  
  2   .22767E+01   .34011E+01   .28559E+01   .25214E+01  
  2  -.13012E-01  -.31782E+01   .12803E+01   .34322E+01  
  2   .19091E+01   .32372E+01   .31079E+01   .22722E+01  
  2   .70318E+00   .10051E+02   .42487E+01   .37741E+01  
  2   .14635E+01   .50946E+01   .46412E+01   .29324E+01  
  2   .36769E+01   .25856E+01   .24817E+01   .51599E+01  
  2   .61066E+00   .24754E+01   .23835E+01   .56253E+00  
  2   .25612E+00   .72030E+00   .14663E+01   .43110E+01  
  2   .27861E+01   .27649E+01   .19315E+01   .29302E+01  
  2   .11949E+01   .35310E+01   .13582E+01   .37977E+01  
  2   .19705E+01   .57286E+01   .12414E+01   .11926E+01  
  2   .32122E+01   .46827E+01   .21020E+00   .23018E+01  
  2   .26629E+01   .78184E+00   .18570E+01   .45941E+01  
  2   .21956E+01  -.81663E-02   .27313E+01   .23599E+01  
  2   .73993E+00   .33495E+01   .20508E+01   .23090E+01  
  2   .13763E+01   .66773E+01   .11743E+01   .10549E+01  
  2   .79735E+00   .64844E+01   .30257E+01   .36362E+01  
  2  -.10833E+00   .23293E+01  -.10311E+01   .12783E+01  
  2   .97007E+00  -.10578E+00   .18101E+01   .39129E+01  
  2   .13631E+00  -.97166E+00   .39076E+01   .14502E+01  
  2   .20439E+01   .17898E+01   .15655E+01   .25566E+01  
  2   .28148E+01   .25288E+01   .25981E+01   .59604E+00  
  2   .10937E+01   .27003E+01   .19840E+01   .43053E+00  
  2   .14558E+01   .16667E+01   .38585E+01   .17927E+01  
  2   .43036E+01   .31758E+01   .93102E+01  -.13199E+01  
  2   .29594E+01   .77418E+01   .22475E+01   .36880E+01  
  2   .13270E+01   .11445E+00   .14536E+01  -.82390E+00  
  2   .23236E+01   .84561E+01  -.13765E+01  -.10213E+00  
  2   .20539E+01   .37867E+01   .24055E+01   .17198E+01  
  2   .10218E+01   .46750E+01   .44102E+01   .13161E+01  
  2   .23377E+01   .71277E+00   .28564E+01   .19606E+01  
  2   .16547E+00   .89414E+01   .29281E+01   .44486E+01  
  2   .84439E+00   .25645E+00   .37034E+01   .42426E+01  
