 1   -.6245578E+01    .1748423E+01   -.2890453E+00
 1   -.1933312E+01   -.5752458E+01    .3645188E+01
 1   -.8100212E+00    .5603209E+01    .2219433E+01
 1   -.2738760E+01    .4284198E+01   -.3891800E+01
 1   -.3959322E+01   -.3400118E+01    .5180253E+00
 1   -.3089180E+01   -.4413209E+01    .1637563E+00
 1   -.4030928E+01   -.4911059E+01    .1013551E+01
 1   -.2912056E+00    .4528475E+01    .3655290E+01
 1   -.2669082E+01   -.4398960E+01    .7384176E+00
 1   -.6112713E+01    .8406401E+00    .2949123E+00
 1   -.4867375E+01    .2979870E+00    .3563574E+01
 1   -.2082781E+00   -.4209360E+01   -.1043578E+01
 1   -.3478632E-01   -.5223490E+01   -.7380838E+00
 1   -.1498982E+01   -.5518934E+01   -.9881411E+00
 1   -.4236692E+01   -.4199466E+00    .1810503E+01
 1   -.5752493E+01   -.7480007E+00    .4022504E+00
 1   -.2271322E+01    .4171368E+01    .1166109E+01
 1   -.3339812E+01   -.2285371E+01   -.1782461E+01
 1   -.3620491E+01   -.4524632E+01   -.6894484E-01
 1   -.3571892E+01   -.5683537E+01    .9647410E+00
 1   -.4068589E+01   -.5308824E+00    .1520702E+01
 1   -.6842828E+01    .7883027E+00   -.1042013E+01
 1   -.5121044E+01   -.3037830E+01   -.2051276E+01
 1   -.5539476E+01    .3669365E+00    .1237021E+01
 1   -.2830272E+01    .3220324E+01    .2931180E+01
 1   -.5670888E+01   -.1119298E+01    .3983405E-03
 1   -.6460844E+01    .7836145E+00   -.1650348E+01
 1   -.4003294E+01    .2429141E+00   -.8470387E+00
 1   -.4029052E+01    .8895831E+00    .2459971E+01
 1   -.5456563E+01    .2340178E+00    .3314917E+01
 1   -.2728571E+01    .3648400E+01   -.1471267E+01
 1   -.4459595E+01   -.6502792E+00   -.1471807E+01
 1   -.5872164E+01    .4351494E+00    .2906404E+01
 1   -.4359793E+01   -.8598644E+00    .1048384E+01
 1   -.4841511E+00    .3767598E+01   -.8976641E+00
 1   -.4363975E+01    .1218517E+01    .8398004E+00
 1   -.5506300E+01   -.7539549E+00    .2191326E+01
 1   -.4211058E+01   -.3401477E+01   -.1112925E+01
 1   -.1787885E+01   -.4388824E+01    .1223569E+01
 1   -.1742514E+01   -.4652550E+01    .1656821E+01
 1   -.4993143E+01   -.2174475E+00   -.2994252E+01
 1   -.4411598E+01    .2647518E+01   -.1504328E+01
 1   -.3833190E+01    .8490398E+00   -.1326278E+01
 1   -.6210423E+01   -.1286353E+00   -.1858057E+01
 1   -.4619497E+01   -.1700777E+01    .6990454E+00
 1   -.2360472E+01    .4522736E+01   -.2790025E+01
 1   -.1719444E+00   -.4496120E+01   -.1238953E+01
 1   -.5051821E+00   -.4805192E+01   -.7645328E+00
 1   -.5101105E+01   -.3697072E+00   -.1756834E+01
 1   -.3999177E+01    .4738509E+00   -.6533148E+00
 1   -.1557914E+01    .1102782E+01   -.8721752E+00
 1   -.5435956E+01    .1100460E+01    .1169509E+01
 1   -.3859332E-01   -.4899776E+01   -.1300880E+01
 1   -.2658201E+01    .4740350E+01   -.7490976E+00
 1   -.3837686E+01   -.2132776E+01   -.1567388E+01
 1   -.4350679E+01   -.3568854E+00    .4928924E+00
 1   -.5111514E+01   -.1398595E+01    .7304264E+00
 1   -.1025031E+01    .4234278E+01   -.5138214E-01
 1   -.7423747E+00    .4050697E+01    .1111200E+01
 1   -.4882047E+01   -.1382727E-01   -.6544763E-01
 1   -.3042772E+01    .3166533E+00   -.1694745E+01
 1   -.5274336E+01   -.2155344E+01   -.1535197E+00
 1   -.4465756E+01   -.2191857E+01    .2473683E+00
 1   -.4005825E+01   -.3315777E+01   -.2009136E+01
 1   -.3864172E+01   -.2373850E+01   -.1705632E+01
 1   -.7167932E+01    .1587044E+01    .1826058E+01
 1   -.3129050E+01    .2610905E+01   -.5758150E+00
 1   -.4940596E+01    .2482407E+01    .9392657E+00
 1   -.1657970E+01   -.4542240E+01    .2013995E+00
 1   -.2625420E+01   -.6346877E+00   -.1459136E+00
 1   -.4056654E+01   -.3527989E+01    .1458530E+01
 1   -.2513700E+01    .2637733E+01   -.3749792E+00
 1   -.5146201E+01    .3075081E+01    .5415614E+00
 1   -.1179571E+01   -.5814229E+01   -.2449317E+01
 1   -.4349022E+01   -.6686660E+00   -.1498655E+01
 1   -.5543335E+01   -.4080190E+00    .2518151E+01
 1   -.4902438E+01   -.1338816E+01   -.1412912E+01
 1   -.2209556E+01   -.3417435E+01    .8575034E+00
 1   -.4602128E+01    .2511196E+01    .7459581E-01
 1   -.4771675E+01    .1827363E+01    .1627414E+01
 1   -.4967542E+01    .1223368E+01    .8537875E+00
 1   -.5776767E+01    .6951421E+00    .2783184E+00
 1   -.3723459E+01   -.2076444E+01   -.1767076E+01
 1   -.3795947E+01    .2957151E+01   -.9697459E+00
 1   -.2654296E+01   -.3449971E+01    .1350642E+01
 1   -.3874949E+01    .4043520E+01    .2482199E+01
 1   -.4570475E+01    .2396388E+01   -.1373026E+01
 1   -.4507054E+01   -.4016120E+01   -.3676891E+01
 1   -.8650000E+00   -.5459910E+01   -.1766309E+01
 1   -.4626519E+01    .9920558E+00   -.1770116E+00
 1   -.2789729E+01   -.3636374E+01    .1450234E+01
 1   -.5531068E+01   -.2860452E+01   -.9157825E+00
 1   -.3990672E+01   -.1990306E+01    .1145621E+01
 1   -.8878474E+00    .3859553E+01   -.1258210E+01
 1   -.3463146E+01    .1818913E+01    .4913126E+00
 1   -.3991878E+01   -.2529824E+01    .3548075E+00
 1   -.3442039E+01    .1601534E+01    .4504756E+00
 1   -.4249171E+01    .2397215E+01   -.1237777E+01
 1   -.4419815E+01   -.1628217E+01    .3691508E+01
 1   -.3811038E+01   -.2916365E+00   -.2232242E+01
 1   -.3832721E+01    .2851170E+01   -.4680646E+00
 1   -.4626210E+01    .2679867E+01    .8856518E+00
 1   -.1710217E+01   -.3297289E+01   -.5572304E+00
 1   -.4680558E+01   -.2136522E+01   -.9523389E+00
 1   -.5538104E+01    .3516344E+00   -.3640853E+01
 1   -.2965285E+01   -.3985088E+01   -.1862190E+00
 1   -.5058937E+01    .1356012E+01    .3733498E+00
 1   -.6154377E+01    .9830756E+00   -.2482194E+01
 1   -.4515761E+01    .4404747E-01   -.1253470E+01
 1   -.1484046E+01   -.4951859E+01    .3065032E+01
 1   -.2805748E+01   -.2617447E+01    .2014132E+01
 1   -.1889928E+01    .4316550E+01   -.1204745E+01
 1   -.4820295E+01    .1959908E+01   -.2099548E+01
 1   -.3814495E+01    .4936303E+01    .8514364E+00
 1   -.2519741E+01    .3334650E+01    .1952759E+00
 1   -.1197739E+01    .5506159E+01    .7695570E+00
 1   -.2024967E+01    .3524600E+01   -.1794246E+01
 1   -.5076743E+01   -.2631264E+01    .1932839E+01
 1   -.3290773E+01   -.5138100E+01   -.4492945E+00
 1   -.2844910E+01   -.3409036E+01    .1790057E+00
 1   -.3283509E+01    .1345711E+01   -.1817596E+01
 1   -.4047985E+01   -.2840949E+01   -.1031621E+01
 1   -.5657901E+01    .1372367E+01    .1261320E+01
 1   -.2846123E+01   -.1917296E+01   -.4502044E+00
 1   -.4202131E+01   -.1433155E+01    .2246423E+00
 1   -.4942536E+01   -.1463437E+01   -.3310319E+00
 1   -.4271330E+01   -.1723940E+00   -.5527072E+00
 1   -.3360114E+01   -.3445891E+01    .6530261E+00
 1   -.2458852E+01   -.4018578E+01    .1098081E+01
 1   -.4913901E+01   -.1396612E+01    .2335807E+01
 1   -.4896260E+01   -.5995529E+00    .1005748E+01
 1   -.6302667E+01    .2364943E+01    .1856218E+01
 1   -.2939134E+01   -.7607496E+00    .3378748E+00
 1   -.3965993E+01    .4835343E+00   -.2215639E+01
 1   -.2716866E+01    .3861928E+01   -.4223480E+00
 1   -.2944272E+01    .2235034E+01   -.8365755E+00
 1   -.6104388E+01    .8545592E-01   -.3694571E+00
 1   -.5180686E+01    .3020077E+01    .2059438E+01
 1   -.2048870E+01   -.4263868E+01   -.1210342E+01
 1   -.4112858E+01   -.1531446E+01    .2122290E+01
 1   -.5436852E+01    .5624246E+01   -.2226599E+01
 1   -.3561395E+01    .3056421E+01   -.2322789E+01
 1   -.3011719E+01   -.3491223E+01   -.1398805E+00
 1   -.7502621E+00    .4924528E+01   -.4701716E+00
 1   -.4696109E+01   -.5846676E+00    .2268353E+01
 1   -.5976230E+01    .7315813E+00   -.4386606E+00
 1   -.4567533E+01   -.8497742E+00   -.2053987E+00
 1   -.3089469E+01    .3960022E+01   -.6988332E+00
 1   -.5566879E+01   -.7415156E+00   -.2248014E+01
 1   -.4620902E+01    .4462059E+00   -.1797316E+01
 2   -.1144523E+01    .1822594E+01    .2307833E+01
 2    .1097164E+00   -.1945900E+01   -.3603373E+00
 2   -.7409873E+00    .8187816E-01    .5883641E+00
 2   -.4932244E+00    .1827645E+01    .4355292E+00
 2   -.6307912E+00    .1474562E+00   -.7809598E+00
 2    .7817872E+00   -.5217888E+00    .2406564E+00
 2   -.1369042E+01   -.4940705E+00   -.1741007E+01
 2   -.9474874E-01    .2011252E+00    .1771143E+01
 2   -.4169455E+00   -.8912305E+00   -.6193147E-01
 2   -.1034472E+01    .4823705E+00    .1977712E+01
 2   -.2396488E+00   -.5210063E+00   -.6382341E+00
 2   -.2025638E+01    .6185106E+00    .1916229E+01
 2    .4655902E+00    .1991703E-03   -.1777261E+01
 2   -.1825174E+01   -.4235194E+00    .2139300E+01
 2    .2299857E+00    .1657458E+01    .3555678E+00
 2   -.1735633E+01   -.7359035E+00    .8917992E+00
 2    .4532018E+00    .5241919E+00    .1218007E+01
 2   -.1448832E+01    .4199002E+00   -.5819273E+00
 2    .9566307E-01   -.5564623E+00    .1262266E+00
 2   -.3882155E+00    .8284106E+00    .5988603E+00
 2   -.2497126E+01   -.7521641E+00    .2331911E+01
 2   -.1663139E+01   -.9290285E+00   -.2754478E+01
 2   -.6504773E+00   -.1395012E+01    .1833281E+01
 2   -.1619476E+01   -.3822664E+00    .1364986E+01
 2   -.1878417E+01   -.3266574E+00   -.3108176E+01
 2   -.1436088E+01    .5847547E+00   -.4939103E+00
 2   -.1650440E+01   -.3745488E+00    .1205632E+01
 2   -.1783694E+01    .2464462E+00    .7976431E-01
 2   -.6347868E+00   -.2569107E-01    .3578615E+00
 2   -.4444001E+00   -.3272381E-01   -.1043234E+01
 2   -.1847373E+01   -.7675986E-01    .1656873E+01
 2   -.8763158E+00   -.1004568E+01    .3968777E-01
 2   -.1852816E+01    .9130292E+00   -.9479597E-01
 2   -.1287908E+01    .4696329E+00   -.1038882E+00
 2   -.8993002E+00   -.7295679E-01   -.1429361E-01
 2   -.2707349E+00   -.1874896E+00   -.2710512E+01
 2   -.7292193E+00   -.1224658E+01    .2714922E+00
 2   -.1749327E+01    .1259076E+01   -.1371047E+01
 2   -.1706456E+01    .4287517E+00    .2478585E+00
 2   -.9627020E+00    .8137071E+00   -.1388928E+01
 2   -.5731063E+00    .1391592E+00    .5557361E+00
 2   -.1883538E+01   -.4848729E+00   -.3412455E+00
 2   -.3246788E+00    .1241099E+01    .4296922E+00
 2   -.1686513E+01   -.1838446E+01   -.1009652E+01
 2   -.1883155E+01   -.8850580E-01    .1734805E+00
 2   -.2748832E+00   -.4578912E+00    .3939396E+00
 2   -.4271894E+00   -.6291052E+00   -.6424414E+00
 2   -.7543437E+00    .1774037E+00    .2823472E+01
 2   -.7747622E+00   -.6188885E+00    .1113393E+01
 2    .8457541E+00   -.1116121E+01   -.1662824E+01
 2   -.1234032E+01    .4428259E+00   -.1548828E+01
 2   -.1278615E+01   -.4761695E+00   -.2633027E+01
 2   -.2820426E+01   -.9310952E-01    .1388346E+00
 2   -.8133252E+00   -.1241097E+01   -.2285976E+01
 2   -.1626735E+01    .1532516E+01    .1929882E+00
 2    .7065773E-02   -.6023723E+00   -.4900745E+00
 2   -.2049774E+01    .4257182E+00    .1694294E+01
 2   -.9023621E+00    .3847785E+00   -.9267059E-01
 2   -.1897123E+01    .9664196E+00   -.1237909E+01
 2   -.1224647E+01    .8950284E-01   -.9960161E+00
 2   -.1908798E+01   -.5158103E+00    .2767904E+01
 2   -.3693399E+00   -.2251022E+00    .4118108E-01
 2   -.8876789E+00   -.1655160E+00   -.5467436E+00
 2   -.1276354E+01    .3265131E+00    .4839036E+00
 2   -.4509597E+00    .1167903E+01    .1997375E+01
 2   -.4971260E+00    .9281089E+00   -.4091416E-01
 2   -.8310626E+00   -.1107820E+01    .1207283E+01
 2   -.1211174E+01   -.4182878E+00   -.2055802E+01
 2   -.1184729E+01    .1029719E+01    .1573982E+01
 2   -.1605171E+01    .1061145E+01    .4429826E+00
 2   -.2113299E+01   -.1161395E+01    .8072851E+00
 2   -.1069940E+01   -.2350858E+00    .4251856E-01
 2    .1341763E+00   -.2193303E+00    .2928329E+00
 2   -.1102699E+01   -.3494166E+00   -.3300815E+01
 2   -.2124007E+01   -.8986578E+00   -.5481635E+00
 2    .1539166E+00   -.1801687E+00   -.1951980E+01
 2   -.7058179E+00    .2177646E+00    .7617977E+00
 2   -.1390480E+01    .1203282E+00    .1550470E+01
 2   -.1870504E+01    .8855715E+00    .7915890E+00
 2   -.1030966E+01    .9888558E+00    .1040072E+01
 2   -.1319117E+01    .9581147E+00    .1218652E+01
 2   -.1888630E+01    .1069650E+01   -.7627244E+00
 2   -.8222160E+00    .4458996E+00   -.1053859E+01
 2   -.3909967E+00   -.2909636E+00    .2360151E+01
 2   -.9368867E+00    .2994301E+00   -.3285141E+01
 2    .1659553E+00   -.1377239E+01   -.9051392E+00
 2   -.8335936E-01    .6824932E+00    .5690691E+00
 2   -.2554088E+01   -.2469552E+00   -.1516847E+00
 2   -.3971841E+00    .3988215E-01    .7166550E-01
 2   -.8210692E+00   -.5216169E+00   -.1759939E+01
 2   -.1715636E+00    .1984388E-01    .7093952E+00
 2   -.1047398E+01   -.5194408E-01   -.6218305E+00
 2   -.1007147E+01   -.1355256E+01    .2487253E+01
 2   -.8642539E+00   -.6855237E+00    .1260050E+01
 2   -.8760707E+00   -.6944638E+00   -.3232905E+01
 2   -.7221320E+00   -.1706228E+00   -.7669492E+00
 2   -.7851539E+00   -.5048259E+00    .1438329E+01
 2   -.9132597E+00    .1969698E+00   -.2920852E+01
 2   -.1321221E+01    .1411736E+01   -.8376631E-01
 2   -.4433033E+00   -.8314122E+00   -.8887312E+00
 2   -.1774414E+01   -.1316514E+01   -.2432757E+01
 2   -.9305828E+00   -.1142988E+01   -.3731802E+01
 2   -.9035059E+00   -.2450373E+00    .9141574E+00
 2   -.1528529E+00   -.4633529E-01   -.2716043E+01
 2   -.1618955E+01   -.4980081E+00    .2799587E+01
 2    .3839521E+00    .2059054E-01    .5058129E+00
 2   -.1273372E+01    .2419518E+00    .7000358E+00
 2   -.1312256E-02   -.2045708E-01   -.1583377E+01
 2   -.3963587E+00   -.1027901E+01   -.3956705E+00
 2   -.2130091E+00    .2214913E+00    .6184180E+00
 2   -.5963575E+00    .2125928E-01    .2326694E+01
 2   -.8535836E+00   -.1650408E+01    .1333621E+01
 2   -.1274082E+01   -.9759898E+00   -.1215225E+01
 2   -.6191012E+00    .7752352E+00    .3827910E+00
 2   -.6042055E+00    .5200360E+00    .9320183E+00
 2   -.3906740E+00   -.3813622E+00   -.2803850E+00
 2   -.1526930E+01    .1180076E+01   -.1819228E+00
 2   -.2642570E+01   -.4525696E+00    .1206934E+01
 2   -.7154654E+00   -.7584234E-01   -.1505081E+01
 2   -.9641672E+00   -.8799696E+00   -.1582019E+01
 2   -.6453024E+00   -.3109152E+00    .3282303E+00
 2    .2436266E+00    .6300248E+00    .4402131E+00
 2   -.2616453E+01   -.3834746E+00   -.7250789E+00
 2   -.2808356E+00   -.1460426E+01   -.7452493E+00
 2   -.1041883E+01   -.4443656E+00    .1869746E+01
 2   -.2216378E+01   -.1865901E+01   -.2532741E+01
 2   -.5429213E+00   -.1358021E+01    .8011119E-01
 2    .3997936E+00    .2529064E+00   -.7502029E+00
 2   -.6499821E+00   -.7916884E+00    .6518480E+00
 2   -.1197835E+01    .3092090E+00    .4868809E+00
 2    .1633472E+00    .6668105E+00   -.1603446E+01
 2   -.1607613E+01    .1913955E+00   -.3991102E+00
 2   -.5339909E+00   -.1401925E+00   -.7717058E-01
 2   -.1090961E+01    .6034671E+00    .4719399E+00
 2   -.1752540E+01   -.7910097E+00   -.1254143E+01
 2   -.8358848E+00    .2201065E+00    .7937334E+00
 2   -.1362540E+01   -.3726246E+00   -.5715735E+00
 2   -.6512690E-01   -.1266371E+01   -.1516994E+01
 2   -.9599444E+00   -.3751014E+00    .1801963E+01
 2   -.6740761E+00    .2434404E+00   -.8101690E+00
 2   -.1801723E+01   -.1995551E+00   -.5440110E+00
 2   -.1038585E+01    .2359700E+00    .1343544E+01
 2   -.1627071E+01    .3968667E+00   -.2254344E+00
 2   -.1285787E+01   -.7584972E+00   -.1144899E+01
 2   -.9901857E-01   -.4050845E+00    .2869579E+01
 2   -.1272006E+01    .6717722E+00   -.3361759E+01
 2   -.1112717E+01   -.5724493E+00   -.2726247E+00
 2    .4347897E+00   -.1680880E+01    .7552309E+00
 2   -.1136312E+01    .3776155E+00    .3852432E+00
 2   -.8073784E+00    .1365056E+01    .2730112E+01
