 1 .3913243E+00 -.4948831E-01  .4052946E-02 .4052954E-02
 1 .3523484E+00 -.5046748E-01  .2050221E-02 .3255822E-02
 1 .3718055E+00 -.5510156E-01  .4903889E-02 .3387666E-02
 1 .3608063E+00 -.5228801E-01  .3320519E-02 .3148375E-02
 1 .3382307E+00 -.5352207E-01  .2327042E-02 .3149278E-02
 1 .3419675E+00 -.5431978E-01  .1138644E-02 .2952124E-02
 1 .3389704E+00 -.5142199E-01  .2083505E-02 .2713152E-02
 1 .3411089E+00 -.5392618E-01  .2381356E-02 .2814869E-02
 1 .3410808E+00 -.4780489E-01  .3899694E-02 .2270838E-02
 1 .3610942E+00 -.2853805E-01  .1001478E-01 .2444895E-02
 1 .3211020E+00 -.4289199E-01  .1130239E-01 .3996898E-02
 1 .3272891E+00 -.4467171E-01  .1350270E-01 .3419741E-02
 1 .3252531E+00 -.3540439E-01  .1236981E-01 .3075681E-02
 1 .3198488E+00 -.4275771E-01  .1223846E-01 .3733356E-02
 1 .3333634E+00 -.4629129E-01  .8134145E-02 .3027812E-02
 1 .3234442E+00 -.4700670E-01  .7269595E-02 .3250218E-02
 1 .3310466E+00 -.5040257E-01  .7699026E-02 .3091390E-02
 1 .3238353E+00 -.5422353E-01  .6236186E-02 .3216181E-02
 1 .3283448E+00 -.5470921E-01  .5598765E-02 .3195650E-02
 1 .3215832E+00 -.5431987E-01  .4850983E-02 .3353156E-02
 1 .3151090E+00 -.5111091E-01  .4813901E-02 .3137108E-02
 1 .3301160E+00 -.5284980E-01  .4111199E-02 .2876196E-02
 1 .3339555E+00 -.5255403E-01  .4535043E-02 .2917231E-02
 1 .3443660E+00 -.5551428E-01  .3639395E-02 .3315405E-02
 1 .3385881E+00 -.5110522E-01  .3684159E-02 .2832035E-02
 1 .3296449E+00 -.5043001E-01  .4327511E-02 .3189607E-02
 1 .3308474E+00 -.5116823E-01  .4293987E-02 .3076789E-02
 1 .3295408E+00 -.5047420E-01  .4325097E-02 .3262627E-02
 1 .3274601E+00 -.4886057E-01  .4302727E-02 .3088713E-02
 1 .3313600E+00 -.4908292E-01  .5436822E-02 .3312578E-02
 1 .4500443E+00 -.1573322E+00 -.9435486E-03 .4837973E-02
 1 .4589258E+00 -.1577109E+00  .6456241E-03 .4960339E-02
 1 .4661070E+00 -.1630594E+00 -.1338319E-02 .4710832E-02
 1 .4501751E+00 -.1512015E+00 -.1488884E-02 .4499321E-02
 1 .4402686E+00 -.1523925E+00 -.2180369E-02 .4834589E-02
 1 .4438288E+00 -.1663596E+00 -.5562269E-02 .5153321E-02
 1 .4359937E+00 -.1531386E+00 -.4037162E-02 .5080799E-02
 1 .4328587E+00 -.1520442E+00 -.4325869E-02 .4772142E-02
 1 .4244725E+00 -.1402413E+00 -.4218249E-02 .4491729E-02
 1 .4263020E+00 -.1467279E+00 -.3339294E-02 .5119943E-02
 1 .4293597E+00 -.1465087E+00 -.2933815E-02 .4723875E-02
 1 .4247051E+00 -.1320374E+00  .1931343E-02 .4413497E-02
 1 .4146367E+00 -.1257575E+00  .9919540E-03 .4411242E-02
 1 .3990391E+00 -.1153349E+00 -.3719118E-03 .4251105E-02
 1 .4025201E+00 -.1185286E+00  .2400957E-03 .4236302E-02
 1 .3955691E+00 -.1106164E+00  .1496046E-02 .4114658E-02
 1 .4061152E+00 -.1044154E+00  .6193420E-02 .3371136E-02
 1 .4077786E+00 -.1052829E+00  .7213342E-02 .3848959E-02
 1 .3836109E+00 -.8780280E-01  .4979770E-02 .3675099E-02
 1 .4012679E+00 -.1083253E+00  .4543754E-02 .4270306E-02
 1 .3761836E+00 -.8912385E-01  .4573739E-02 .3710316E-02
 1 .3869791E+00 -.1002899E+00  .4334068E-02 .3798393E-02
 1 .3799603E+00 -.1009303E+00  .2174865E-02 .4060868E-02
 1 .3778759E+00 -.9801097E-01  .3704954E-02 .4169775E-02
 1 .3738621E+00 -.1011794E+00  .2009570E-02 .4342766E-02
 1 .3604870E+00 -.9220575E-01  .2467864E-02 .4356944E-02
 1 .3673500E+00 -.9726447E-01  .1924261E-02 .4280500E-02
 1 .3614610E+00 -.9434186E-01  .1188229E-02 .4253809E-02
 1 .3562304E+00 -.9301288E-01  .3431735E-03 .4297731E-02
 1 .3552880E+00 -.9550634E-01  .1505257E-03 .4429995E-02
 1 .3484706E+00 -.9010734E-01  .4580813E-03 .4075624E-02
 1 .3413782E+00 -.8513217E-01  .1158847E-02 .4025193E-02
 1 .3390100E+00 -.8169636E-01  .1263371E-02 .4129609E-02
 1 .3338071E+00 -.8265871E-01  .2466590E-03 .4157818E-02
 1 .3356773E+00 -.8187708E-01  .6381451E-03 .4125556E-02
 1 .3337231E+00 -.7570334E-01  .8150476E-03 .3984882E-02
 1 .3279001E+00 -.7460082E-01  .1717622E-02 .4177920E-02
 1 .3279888E+00 -.7005778E-01  .1263450E-02 .3722789E-02
 1 .3200584E+00 -.6715785E-01  .1603123E-02 .3843613E-02
 1 .3112175E+00 -.6150491E-01  .9827025E-03 .3825678E-02
 1 .3047357E+00 -.5781204E-01  .1129316E-02 .3735846E-02
 1 .3106108E+00 -.5954309E-01  .1059149E-02 .3652487E-02
 1 .2947656E+00 -.5447935E-01  .1332459E-02 .3886649E-02
 1 .2926942E+00 -.5952360E-01  .3266708E-03 .4629782E-02
 1 .2810097E+00 -.5173183E-01  .6412942E-03 .4571259E-02
 1 .2781438E+00 -.4781263E-01  .5826245E-05 .4527450E-02
 1 .2812856E+00 -.4710404E-01 -.4436424E-03 .4801656E-02
 1 .2760751E+00 -.4483963E-01  .8063175E-03 .4744659E-02
 1 .2701804E+00 -.4355022E-01  .7185469E-03 .5006180E-02
 1 .2681280E+00 -.4462100E-01  .1331257E-02 .5476646E-02
 1 .2639440E+00 -.3966263E-01  .1523140E-02 .4925502E-02
 1 .2562673E+00 -.3915258E-01  .2889371E-02 .5192998E-02
 1 .2440441E+00 -.3614323E-01  .4923970E-02 .5432419E-02
 1 .2439522E+00 -.3890413E-01  .3679177E-02 .5311748E-02
 1 .2521188E+00 -.4643954E-01  .2477362E-02 .5454903E-02
 1 .2563769E+00 -.4901265E-01  .1395886E-02 .5743573E-02
 1 .2498603E+00 -.4751889E-01  .6467541E-03 .5603170E-02
 1 .2505808E+00 -.4683936E-01  .1677477E-03 .5145466E-02
 1 .2513251E+00 -.4475611E-01 -.9487157E-03 .5096184E-02
 1 .2555552E+00 -.4626348E-01 -.2150026E-02 .5049751E-02
 1 .2488548E+00 -.4444601E-01 -.1749390E-02 .5014741E-02
 1 .2417839E+00 -.4273262E-01 -.1473927E-02 .4746082E-02
 1 .2485154E+00 -.4293718E-01 -.1022417E-02 .4893720E-02
 1 .2456704E+00 -.4164355E-01 -.2354905E-02 .4785344E-02
 1 .2493317E+00 -.4788113E-01 -.1001655E-02 .4951446E-02
 1 .2351781E+00 -.4199418E-01 -.9641753E-03 .4728869E-02
 1 .2347062E+00 -.4117852E-01 -.9339587E-03 .4859118E-02
 1 .2489187E+00 -.4793245E-01 -.5695972E-03 .5090364E-02
 1 .2444736E+00 -.4424487E-01 -.7253285E-03 .4846612E-02
 1 .2497881E+00 -.4852039E-01 -.7375779E-03 .5027021E-02
 1 .2454403E+00 -.4529893E-01 -.1014373E-02 .5057828E-02
 1 .2422733E+00 -.4349514E-01 -.1239317E-02 .5228586E-02
 1 .2405569E+00 -.4461478E-01 -.1436480E-02 .5204220E-02
 1 .2439499E+00 -.4819552E-01 -.2011445E-02 .5118765E-02
 1 .2448987E+00 -.4298419E-01 -.1652785E-02 .5372111E-02
 1 .2420801E+00 -.4585539E-01 -.1573052E-02 .4895521E-02
 1 .2466804E+00 -.4573561E-01 -.1439052E-02 .5509763E-02
 1 .2376067E+00 -.4250288E-01  .8085490E-03 .5407695E-02
 1 .2429639E+00 -.4377661E-01 -.6399740E-03 .5070551E-02
 1 .2459866E+00 -.4268894E-01 -.7336255E-03 .6056748E-02
 1 .2388778E+00 -.4154806E-01 -.5582692E-03 .5126764E-02
 1 .2365367E+00 -.4468329E-01  .8899342E-02 .5626256E-02
 1 .2373822E+00 -.4345177E-01  .1511409E-02 .5845230E-02
 1 .2282337E+00 -.4074239E-01  .8637693E-02 .5788099E-02
 1 .2327206E+00 -.4253943E-01  .8151071E-02 .6190457E-02
 1 .2330997E+00 -.4313779E-01  .6851881E-02 .6185668E-02
 1 .2331136E+00 -.4069827E-01  .6802278E-02 .5922944E-02
 1 .2425911E+00 -.4715989E-01  .4952138E-02 .6194954E-02
 1 .2352721E+00 -.4285179E-01  .4918380E-02 .6020748E-02
 1 .2380745E+00 -.4688077E-01  .4715811E-02 .6187061E-02
 1 .2395015E+00 -.4512386E-01  .4208478E-02 .6073136E-02
 1 .2403914E+00 -.4610176E-01  .2823862E-02 .6008060E-02
 1 .2478292E+00 -.4555889E-01  .5082121E-03 .5399575E-02
 1 .2439477E+00 -.4426495E-01  .1486694E-02 .5512081E-02
 1 .2519202E+00 -.4755903E-01  .1315225E-02 .5292987E-02
 1 .2576409E+00 -.4954721E-01  .1146337E-02 .5327885E-02
 1 .2658601E+00 -.4941688E-01  .6510721E-03 .4784900E-02
 1 .2692279E+00 -.4795553E-01  .8569080E-03 .4459545E-02
 1 .2730125E+00 -.4919346E-01  .4886442E-03 .4258023E-02
 1 .3233997E+00 -.8838996E-01  .2766516E-02 .4743239E-02
 1 .3272405E+00 -.8438061E-01  .1650071E-02 .4526341E-02
 1 .3315746E+00 -.8261342E-01  .5133779E-03 .4367910E-02
 1 .3195505E+00 -.8054043E-01  .1903615E-02 .4562592E-02
 1 .3193220E+00 -.8078016E-01  .2585248E-02 .4398440E-02
 1 .3315592E+00 -.8641620E-01  .1974275E-02 .4386024E-02
 1 .3404483E+00 -.9256813E-01  .2038072E-02 .4501808E-02
 1 .3431289E+00 -.9141658E-01  .1778635E-02 .4521477E-02
 1 .3415954E+00 -.9383994E-01  .2152416E-02 .4596800E-02
 1 .3483248E+00 -.9292169E-01  .1071742E-02 .4454544E-02
 1 .3451571E+00 -.9255061E-01  .1396108E-02 .4439882E-02
 1 .3471352E+00 -.9078135E-01  .2205945E-02 .4375001E-02
 1 .3466977E+00 -.8973539E-01  .1703762E-02 .4238925E-02
 1 .3581786E+00 -.9717584E-01  .1698550E-02 .4344913E-02
 1 .3569379E+00 -.8960472E-01  .9330810E-03 .4183414E-02
 1 .3597475E+00 -.9631523E-01  .1397022E-02 .4205166E-02
 1 .3628370E+00 -.9276840E-01  .1967015E-02 .4058849E-02
 1 .3653671E+00 -.9654862E-01  .2041809E-02 .4441138E-02
 1 .3676192E+00 -.9123778E-01  .9264020E-03 .4295363E-02
 1 .3598371E+00 -.8847599E-01  .6379012E-03 .4315547E-02
 1 .3624842E+00 -.8126567E-01  .3234772E-03 .4094184E-02
 1 .3588812E+00 -.8164653E-01  .1440404E-02 .4170232E-02
 1 .3612288E+00 -.7130665E-01  .3318308E-02 .3696369E-02
 1 .3683037E+00 -.7257745E-01  .2519906E-02 .3674664E-02
 1 .3553422E+00 -.6403901E-01  .2148056E-02 .3218397E-02
 1 .3693293E+00 -.6208380E-01  .2096181E-02 .3400549E-02
 1 .3539053E+00 -.5825358E-01  .2438317E-02 .3545835E-02
 1 .3498658E+00 -.5290700E-01  .3560908E-02 .4093583E-02
 1 .3386599E+00 -.4367629E-01  .3952160E-02 .4220739E-02
 1 .3284311E+00 -.4445042E-01  .5568393E-02 .4728936E-02
 1 .3116388E+00 -.3765427E-01  .1360326E-01 .3495766E-02
 1 .3064184E+00 -.4029335E-01  .1317885E-01 .3542944E-02
 1 .3021251E+00 -.3237659E-01  .1318253E-01 .2983002E-02
 1 .2980927E+00 -.3218066E-01  .1231327E-01 .3055651E-02
 1 .2907431E+00 -.2908732E-01  .1228892E-01 .3151894E-02
 1 .2892431E+00 -.2568118E-01  .1272049E-01 .2798621E-02
 1 .2824679E+00 -.2863286E-01  .1308716E-01 .3386492E-02
 1 .2777439E+00 -.2082925E-01  .1321025E-01 .2530108E-02
 1 .2753901E+00 -.1956136E-01  .1330530E-01 .2903892E-02
 1 .2772306E+00 -.2126329E-01  .1261448E-01 .3168970E-02
 1 .2781595E+00 -.2371542E-01  .1290227E-01 .3198493E-02
 1 .2679553E+00 -.2348589E-01  .9619068E-02 .3060404E-02
 1 .2790829E+00 -.2887024E-01  .1140695E-01 .3690188E-02
 1 .2844492E+00 -.2819236E-01  .1172864E-01 .3545821E-02
 1 .2750785E+00 -.2345894E-01  .1093694E-01 .3641605E-02
 1 .2743882E+00 -.2369268E-01  .1070036E-01 .3571228E-02
 1 .2700856E+00 -.1750164E-01  .1209530E-01 .3229824E-02
 1 .2761446E+00 -.2149863E-01  .1165137E-01 .3116764E-02
 1 .2625123E+00 -.1693366E-01  .1137757E-01 .3190025E-02
 1 .2649409E+00 -.1839592E-01  .1074412E-01 .2924310E-02
 1 .2590826E+00 -.1459987E-01  .1071735E-01 .3167569E-02
 1 .2641237E+00 -.1149189E-01  .1146207E-01 .2828327E-02
 1 .2562804E+00 -.2307812E-01  .7389195E-02 .2971030E-02
 1 .2613329E+00 -.1572989E-01  .1120719E-01 .3251955E-02
 1 .2509113E+00 -.2193113E-01  .7448632E-02 .3143054E-02
 1 .2456223E+00 -.2218615E-01  .5971237E-02 .3457940E-02
 1 .2604130E+00 -.1554417E-01  .1110683E-01 .3266274E-02
 1 .2628903E+00 -.1742099E-01  .1077232E-01 .2906183E-02
 1 .2689692E+00 -.1738545E-01  .1100037E-01 .2698948E-02
 1 .2618060E+00 -.1633810E-01  .1098717E-01 .2785277E-02
 1 .2681833E+00 -.2102805E-01  .1062939E-01 .3049286E-02
 1 .2620498E+00 -.2189852E-01  .1143898E-01 .3446989E-02
 1 .2697564E+00 -.2151438E-01  .1087485E-01 .3026241E-02
 1 .2697789E+00 -.2122514E-01  .1114132E-01 .3023596E-02
 1 .2727082E+00 -.2206954E-01  .1143123E-01 .3755773E-02
 1 .2814727E+00 -.2241901E-01  .1180183E-01 .3089300E-02
 1 .2722674E+00 -.2817891E-01  .1100897E-01 .3705182E-02
 1 .2848406E+00 -.3255168E-01  .1086329E-01 .3805996E-02
 1 .2796935E+00 -.2966739E-01  .1079903E-01 .3963674E-02
 1 .2887147E+00 -.2553919E-01  .1275370E-01 .3859130E-02
 1 .2766873E+00 -.2939246E-01  .1048868E-01 .3891380E-02
 2 .2781846E+00 -.4250177E-01  .2800537E-02 .3052544E-02
 2 .2764685E+00 -.3446515E-01  .3933545E-02 .2328356E-02
 2 .2796291E+00 -.3624094E-01  .2911753E-02 .2816069E-02
 2 .2741364E+00 -.3647895E-01  .6969868E-03 .2907932E-02
 2 .2745190E+00 -.4043586E-01  .6388936E-03 .3327297E-02
 2 .2876559E+00 -.4439463E-01  .1392701E-02 .3378393E-02
 2 .2758309E+00 -.3592388E-01  .2555796E-02 .2765927E-02
 2 .2811364E+00 -.3575484E-01  .2241156E-02 .3192766E-02
 2 .2871900E+00 -.3092228E-01  .3217856E-02 .2601140E-02
 2 .4532089E+00 -.2297959E+00 -.7456002E-02 .5412346E-02
 2 .4373396E+00 -.2233240E+00 -.8995211E-02 .5964697E-02
 2 .4373219E+00 -.2018925E+00 -.5071146E-02 .6122936E-02
 2 .4189687E+00 -.1952872E+00 -.8187287E-02 .5519193E-02
 2 .4219261E+00 -.1901059E+00 -.1023969E-01 .5291646E-02
 2 .4245104E+00 -.1653542E+00 -.7732054E-02 .4633356E-02
 2 .4526770E+00 -.1632617E+00 -.4749523E-02 .4259868E-02
 2 .4422651E+00 -.1561803E+00 -.2269641E-02 .3764363E-02
 2 .4349537E+00 -.1590461E+00 -.3759462E-02 .4470816E-02
 2 .4001443E+00 -.1349818E+00 -.5052525E-02 .4537343E-02
 2 .4149081E+00 -.1442370E+00 -.5405930E-02 .4913396E-02
 2 .4177713E+00 -.1343465E+00 -.5137148E-02 .5273314E-02
 2 .4018542E+00 -.1189898E+00 -.4694617E-02 .4787777E-02
 2 .4024390E+00 -.1135682E+00 -.4933960E-02 .4611422E-02
 2 .3654935E+00 -.1037190E+00 -.2740518E-02 .4495265E-02
 2 .3532200E+00 -.9429814E-01 -.1419130E-02 .4490333E-02
 2 .3473135E+00 -.8333786E-01 -.6891656E-03 .4096149E-02
 2 .3546121E+00 -.8567117E-01 -.7059035E-03 .4148911E-02
 2 .3399595E+00 -.8979322E-01 -.2824626E-02 .4580045E-02
 2 .3256442E+00 -.8597049E-01 -.2349619E-02 .4317569E-02
 2 .3224904E+00 -.8166885E-01 -.2715734E-02 .4414675E-02
 2 .3231376E+00 -.8235025E-01 -.2677779E-02 .4409692E-02
 2 .3294773E+00 -.7706045E-01 -.2394465E-02 .4556524E-02
 2 .3267779E+00 -.8218965E-01 -.3686164E-02 .4693600E-02
 2 .3076624E+00 -.6885999E-01 -.1915014E-02 .4385827E-02
 2 .2936164E+00 -.6070831E-01 -.1439136E-02 .4311372E-02
 2 .2868289E+00 -.5839491E-01 -.8025216E-03 .4310049E-02
 2 .2927090E+00 -.5767554E-01 -.1294071E-02 .4275491E-02
 2 .2940961E+00 -.5417914E-01 -.3103710E-03 .4046556E-02
 2 .3007936E+00 -.4844158E-01 -.1215569E-02 .3789690E-02
 2 .2802925E+00 -.4847838E-01 -.5372074E-03 .3845403E-02
 2 .2759588E+00 -.4545988E-01 -.3320241E-03 .3799290E-02
 2 .2680436E+00 -.4004370E-01 -.8605697E-04 .3632420E-02
 2 .2661015E+00 -.3795355E-01  .2033926E-03 .3472011E-02
 2 .2825490E+00 -.3864399E-01 -.2742821E-02 .4178182E-02
 2 .2617729E+00 -.3593836E-01 -.1371698E-03 .3601427E-02
 2 .2570441E+00 -.2954524E-01 -.1494240E-02 .3375885E-02
 2 .2474199E+00 -.2692015E-01 -.7149643E-03 .3193030E-02
 2 .2396563E+00 -.2520344E-01 -.7060887E-03 .3329647E-02
 2 .2345477E+00 -.2599739E-01 -.2921685E-03 .3110643E-02
 2 .2400251E+00 -.3186063E-01 -.1788022E-02 .3760726E-02
 2 .2467140E+00 -.4047002E-01 -.1994065E-02 .4758600E-02
 2 .2543882E+00 -.3963505E-01 -.3305420E-02 .4578484E-02
 2 .2500497E+00 -.3312162E-01 -.2543041E-02 .3890461E-02
 2 .2525275E+00 -.2885830E-01 -.2680371E-02 .3293331E-02
 2 .2636526E+00 -.3590214E-01 -.5384036E-02 .4014776E-02
 2 .2382427E+00 -.2274552E-01 -.2224053E-02 .2759518E-02
 2 .2381794E+00 -.2606512E-01 -.1204787E-02 .2871845E-02
 2 .2510260E+00 -.2632561E-01 -.2598184E-02 .3146447E-02
 2 .2357616E+00 -.1856267E-01 -.1944602E-02 .2689214E-02
 2 .2464623E+00 -.2305548E-01 -.2813113E-02 .2958692E-02
 2 .2583352E+00 -.1784059E-01 -.2544250E-02 .2782552E-02
 2 .2770677E+00 -.2366468E-01 -.6948913E-02 .4241186E-02
 2 .3134900E+00 -.4101166E-02 -.8458486E-02 .4919934E-02
 2 .2323892E+00 -.2476261E-01 -.4647874E-03 .3356676E-02
 2 .2504385E+00 -.2321681E-01 -.1772091E-02 .4045906E-02
 2 .2552518E+00 -.2200464E-01 -.2660222E-02 .5602377E-02
 2 .2672898E+00 -.2207538E-01 -.2834662E-02 .5020321E-02
 2 .2409182E+00 -.2683798E-01 -.1279649E-02 .4172681E-02
 2 .2350537E+00 -.2800019E-01  .2436939E-03 .3623336E-02
 2 .2395475E+00 -.2676319E-01  .5628580E-03 .3294989E-02
 2 .3006172E+00 -.7338645E-01  .2202557E-02 .3989220E-02
 2 .3009090E+00 -.6171758E-01  .2360763E-02 .3535403E-02
 2 .3060438E+00 -.4962290E-01  .3619766E-02 .3038465E-02
 2 .2986536E+00 -.4211605E-01  .3980359E-02 .2623543E-02
 2 .3038136E+00 -.4420777E-01  .4470378E-02 .2574683E-02
 2 .3079250E+00 -.4149140E-01  .3707690E-02 .2499919E-02
 2 .3131306E+00 -.4580273E-01  .4112187E-02 .2940120E-02
 2 .3045811E+00 -.4052699E-01  .2652599E-02 .2880156E-02
 2 .3097817E+00 -.4080194E-01  .3490253E-02 .2748663E-02
 2 .3068475E+00 -.3851379E-01  .3271123E-02 .2725482E-02
 2 .2821342E+00 -.2919654E-01  .2304538E-02 .2189429E-02
 2 .2846625E+00 -.3021982E-01  .3209502E-02 .2325293E-02
 2 .2763665E+00 -.2373784E-01  .2161560E-02 .1987203E-02
 2 .2800843E+00 -.2082740E-01  .1829999E-02 .1887868E-02
 2 .2608765E+00 -.1807895E-01  .1874152E-02 .2224211E-02
 2 .2563232E+00 -.1176813E-01  .2248816E-02 .2247053E-02
 2 .2587035E+00 -.8325046E-02  .1938222E-02 .1838828E-02
 2 .2440257E+00 -.6381555E-02  .3043996E-02 .2022682E-02
 2 .2269457E+00 -.1254129E-01  .7328292E-02 .1832479E-02
 2 .2236625E+00 -.1107585E-01  .8129708E-02 .1991443E-02
 2 .2182015E+00 -.1753391E-01  .5617402E-02 .3914512E-02
 2 .2198102E+00 -.1841002E-01  .5174169E-02 .4174307E-02
 2 .2212763E+00 -.1803203E-01  .4331777E-02 .3984669E-02
 2 .2125363E+00 -.1841472E-01  .2704270E-02 .3830088E-02
 2 .2171156E+00 -.1952725E-01  .1580848E-02 .3762913E-02
 2 .2212715E+00 -.2010725E-01  .2487024E-02 .3977668E-02
 2 .2252529E+00 -.1745229E-01  .1389107E-02 .3710869E-02
 2 .2262418E+00 -.1665533E-01  .2228729E-02 .3606332E-02
 2 .2210326E+00 -.1487468E-01  .5437207E-02 .2414871E-02
 2 .2135367E+00 -.1762257E-01  .5684523E-02 .3323608E-02
 2 .2162340E+00 -.1616511E-01  .5221553E-02 .2858124E-02
 2 .2107663E+00 -.1822394E-01  .5321938E-02 .3265275E-02
 2 .2126685E+00 -.1832767E-01  .3591001E-02 .3265816E-02
 2 .2149873E+00 -.1924146E-01  .3458196E-02 .3200305E-02
 2 .2098859E+00 -.1744629E-01  .5340784E-02 .2994130E-02
 2 .2207674E+00 -.1830369E-01  .2793294E-02 .3261536E-02
 2 .2037255E+00 -.1874057E-01  .5742311E-02 .3335249E-02
 2 .2138431E+00 -.1809331E-01  .3863008E-02 .3220215E-02
 2 .2096411E+00 -.1718995E-01  .5200311E-02 .2936082E-02
 2 .2081695E+00 -.1987903E-01  .3100800E-02 .3996842E-02
 2 .2061815E+00 -.1876334E-01  .2056962E-02 .3569480E-02
 2 .2095209E+00 -.1888067E-01  .2724899E-02 .3325943E-02
 2 .2142611E+00 -.1956100E-01  .2235020E-02 .3797819E-02
 2 .2045971E+00 -.1674725E-01  .6471574E-02 .3052381E-02
 2 .2054127E+00 -.1717229E-01  .6091283E-02 .3102183E-02
 2 .2076201E+00 -.1667029E-01  .4896076E-02 .2939573E-02
 2 .2137529E+00 -.1693198E-01  .5018864E-02 .3032527E-02
 2 .2107260E+00 -.1731899E-01  .5603458E-02 .3076010E-02
 2 .2091331E+00 -.1649852E-01  .6987823E-02 .2903102E-02
 2 .2147527E+00 -.1648128E-01  .6631510E-02 .2925003E-02
 2 .2185570E+00 -.1897630E-01  .2503638E-02 .3451175E-02
 2 .2141041E+00 -.1703096E-01  .6490145E-02 .3119174E-02
 2 .2209534E+00 -.1615807E-01  .2945581E-02 .3189348E-02
 2 .2183729E+00 -.1590191E-01  .5282413E-02 .2733723E-02
 2 .2138939E+00 -.1786228E-01  .6275396E-02 .3202093E-02
 2 .2157003E+00 -.1636462E-01  .6734287E-02 .2890985E-02
 2 .2147508E+00 -.1853655E-01  .3464476E-02 .3325551E-02
 2 .2145860E+00 -.1670784E-01  .6301736E-02 .2991531E-02
 2 .2103648E+00 -.1763633E-01  .5336900E-02 .3067175E-02
 2 .2107373E+00 -.1812583E-01  .2379762E-02 .3336925E-02
 2 .2116724E+00 -.1934887E-01  .4463078E-02 .3534833E-02
 2 .2087811E+00 -.1854224E-01  .5737050E-02 .3383203E-02
 2 .2127115E+00 -.1980270E-01  .4440247E-02 .3603973E-02
 2 .2072305E+00 -.1831021E-01  .2298905E-02 .3451408E-02
 2 .2037225E+00 -.1915386E-01  .4548987E-02 .3388079E-02
 2 .2036509E+00 -.1902396E-01  .4543453E-02 .3394151E-02
 2 .2105851E+00 -.1883087E-01  .5203624E-02 .3420967E-02
 2 .2115782E+00 -.1961960E-01  .5029032E-02 .3379080E-02
 2 .2106859E+00 -.2013293E-01  .4977475E-02 .3503283E-02
 2 .2148397E+00 -.1859198E-01  .4345404E-02 .3140062E-02
 2 .2118671E+00 -.1880625E-01  .5752190E-02 .3264556E-02
 2 .2141094E+00 -.1832441E-01  .4293545E-02 .3060352E-02
 2 .2057926E+00 -.2032264E-01  .4898518E-02 .3789918E-02
 2 .2091058E+00 -.1869183E-01  .5316936E-02 .3326663E-02
 2 .2121193E+00 -.1913198E-01  .5164685E-02 .3257053E-02
 2 .2223432E+00 -.1941171E-01  .1946218E-02 .3514896E-02
 2 .2097790E+00 -.1817699E-01  .5277338E-02 .3239031E-02
 2 .2109596E+00 -.1801194E-01  .5578728E-02 .3220180E-02
 2 .2189995E+00 -.1717711E-01  .5136497E-02 .2819858E-02
 2 .2193514E+00 -.1665308E-01  .5466668E-02 .2669118E-02
 2 .2121109E+00 -.1821313E-01  .5898410E-02 .3300242E-02
 2 .2088947E+00 -.1672811E-01  .5227108E-02 .2907868E-02
 2 .2126141E+00 -.1886652E-01  .5419785E-02 .3278932E-02
 2 .2194593E+00 -.2030384E-01  .2040830E-02 .3524394E-02
 2 .2148098E+00 -.1658468E-01  .7254787E-02 .2956045E-02
 2 .2100986E+00 -.1804506E-01  .6517735E-02 .3317093E-02
 2 .2134916E+00 -.1704705E-01  .6397020E-02 .2975550E-02
 2 .2150360E+00 -.1749280E-01  .4545372E-02 .2935749E-02
 2 .2163823E+00 -.1775919E-01  .4871128E-02 .3220886E-02
 2 .2189419E+00 -.1681576E-01  .5300574E-02 .2923735E-02
 2 .2208510E+00 -.1665021E-01  .5754558E-02 .2918427E-02
 2 .2250832E+00 -.1611163E-01  .9944006E-03 .3637560E-02
 2 .2271146E+00 -.1508229E-01  .1656695E-02 .3720991E-02
 2 .2237338E+00 -.1717815E-01  .1302154E-02 .3778152E-02
 2 .2211086E+00 -.1646876E-01  .1755546E-02 .3719911E-02
 2 .2182062E+00 -.1705009E-01  .9431962E-03 .3775272E-02
 2 .2143741E+00 -.1973842E-01  .2132328E-02 .3984567E-02
 2 .2200533E+00 -.1811118E-01  .2578909E-02 .3922933E-02
 2 .2147318E+00 -.1953985E-01  .1933374E-02 .3783816E-02
 2 .2142199E+00 -.1802944E-01  .4842028E-02 .4242125E-02
 2 .2160527E+00 -.1775713E-01  .5129467E-02 .4089671E-02
 2 .2202470E+00 -.1559326E-01  .6192012E-02 .3566478E-02
 2 .2243385E+00 -.1422025E-01  .7315096E-02 .2993271E-02
 2 .2146993E+00 -.1101829E-01  .7922353E-02 .2292692E-02
 2 .2383723E+00 -.2005760E-02  .3411215E-02 .1818659E-02
 2 .2451265E+00 -.4136045E-02  .2448633E-02 .2127425E-02
 2 .2521412E+00 -.2253196E-02  .1900101E-02 .1550850E-02
 2 .2574860E+00 -.3941638E-02  .2117354E-02 .1618299E-02
 2 .2567499E+00 -.8201817E-02  .1884103E-02 .1745211E-02
 2 .2610153E+00 -.9970477E-02  .1867681E-02 .2008151E-02
 2 .2663026E+00 -.1660898E-01  .1695895E-02 .1973588E-02
 2 .2749670E+00 -.1469105E-01  .1248599E-02 .1854572E-02
 2 .2770266E+00 -.1871578E-01  .1507460E-02 .1715026E-02
 2 .2695879E+00 -.2086765E-01  .1206982E-02 .1793658E-02
 2 .2819664E+00 -.2526962E-01  .2320688E-02 .1996518E-02
 2 .2861543E+00 -.2501887E-01  .1883369E-02 .1897637E-02
 2 .2759203E+00 -.2357625E-01  .1851742E-02 .1739253E-02
 2 .2905585E+00 -.2864852E-01  .2714059E-02 .2042396E-02
 2 .2914796E+00 -.3023189E-01  .2713050E-02 .2200950E-02
 2 .2813020E+00 -.2680630E-01  .2315091E-02 .1820412E-02
 2 .2869292E+00 -.2909493E-01  .1748055E-02 .1962375E-02
 2 .2952158E+00 -.3162298E-01  .1552756E-02 .2099722E-02
 2 .2961082E+00 -.3371796E-01  .2253509E-02 .2452909E-02
 2 .3099461E+00 -.4278329E-01  .3173104E-02 .2847924E-02
 2 .3082626E+00 -.4299108E-01  .4276173E-02 .2796110E-02
 2 .3008106E+00 -.4046017E-01  .2557247E-02 .2592407E-02
 2 .3115995E+00 -.4646533E-01  .3154033E-02 .2992549E-02
 2 .3043413E+00 -.3932715E-01  .3298704E-02 .2643761E-02
 2 .3052109E+00 -.4151551E-01  .3338542E-02 .2648741E-02
 2 .3031503E+00 -.3981752E-01  .3798392E-02 .2567368E-02
